58692
45806
61519
77848
98705
40109
26355
68715
56304
37264
43236
43577
77477
53092
37180
20616
97334
73040
21873
84281
42579
58950
41645
94750
32915
44562
93775
19512
99696
21597
56743
78901
41593
32215
44764
18670
96152
25871
51869
18158
58119
56369
18076
39036
10418
45943
97617
58295
85585
52619
90697
74290
75290
20096
95350
38951
75164
91540
15233
85251
68167
50113
71427
24444
36612
45913
61899
17009
36447
29939
98955
86307
79546
20043
89734
22532
38775
51623
23458
20971
28114
98781
55269
15215
25994
18371
57542
49611
86439
28659
40997
69645
54066
77771
68166
60960
70063
23460
15248
71980
93745
69012
32127
37912
44522
46780
17757
22296
21860
13293
65101
80705
89050
88161
74340
31839
25311
94912
19900
38669
42958
43606
82677
98077
30924
25598
28564
11879
27531
39113
53147
12762
89612
83701
73067
24957
77222
17744
62306
14025
59643
67152
58835
61882
28174
84094
84099
42783
45148
55374
53134
38007
26794
56567
10209
13233
18053
69340
32061
58293
46514
74862
66080
95079
26186
16839
55841
92678
49885
56779
35136
35115
70253
28435
34410
39335
60832
61949
16487
43545
39289
64581
13200
58996
21766
33174
96545
13820
75200
63979
54711
34633
49784
34461
65491
48702
93477
50646
98874
83312
87924
24928
33803
34995
31695
96781
52443
31068
45835
39749
52812
84499
76703
15788
46869
35929
31093
13592
47704
17713
71888
35166
32725
92648
86060
18301
57155
76362
99510
27789
84634
57886
65729
62285
32091
75565
90388
47465
98181
85368
47978
14979
61630
56645
23400
23871
33383
57650
79961
30980
65936
98177
74251
19586
82672
97885
16375
13960
48331
71851
39544
26162
96196
56644
44642
75978
23507
10164
80471
23262
50169
82553
37359
66822
77157
89279
70625
96127
57483
84704
95805
10526
41396
27982
67459
47751
96622
75606
48009
71026
85116
51669
41048
25788
55740
84391
62303
61747
54119
95965
37749
34224
63046
55216
78168
57385
36927
64442
81693
28110
88272
14111
44817
81556
44458
12018
96305
37402
18732
42170
46401
87100
39844
57423
26562
54418
58705
82922
87067
47312
38548
53190
29917
42325
95590
54561
97439
11411
58773
70943
60775
28063
47400
10825
72110
24815
78705
99101
12807
54179
68659
33138
49947
80334
34081
52339
76399
93419
41305
70393
97638
83001
72802
52036
35576
11887
35348
45853
53651
63422
39390
50050
86437
89370
24909
98791
87645
83210
96021
53148
30332
94829
31815
19040
85522
71721
55365
90383
77502
91232
82187
89204
20858
69477
81598
64333
14077
29326
24726
54422
30688
20341
50601
86836
44594
86152
63247
82498
79108
91871
99872
41068
96159
62645
45646
26163
90008
87334
87822
70745
21762
41620
70907
26244
79411
55868
11278
37673
25055
54935
43886
37309
55015
63352
58698
81387
29046
58613
82324
13403
10892
77123
33575
48171
90435
89406
27722
80176
93218
41958
56360
90404
39556
84518
25734
34464
67395
99197
62886
66314
64470
91704
49126
44922
61975
60682
64266
76536
16857
52642
54675
45270
25750
81197
61256
18231
36067
26043
29852
96277
91064
63914
69764
24111
57354
91631
97132
74955
12873
75267
53133
20645
98238
12241
67045
73351
10571
18983
61188
53415
11950
19189
49639
50651
79184
93111
48125
32705
91611
56231
61384
50882
68311
18609
31210
97836
30406
21526
29914
82010
25775
29688
90860
95867
31388
65300
25536
40121
77593
67527
12937
49194
27889
48768
39163
64135
29431
20473
11519
83666
71962
12936
67251
25749
16970
79021
24436
40505
48317
99381
62487
19335
87856
85590
39618
61562
45199
80448
17187
79089
32058
82841
40798
86367
13554
68467
35298
35159
85923
72185
56088
63172
58775
43947
27276
76238
93662
86221
56440
47639
85362
26154
13811
35004
61936
77417
51617
71330
72744
42786
62415
33067
28905
50640
14207
30760
33767
21522
37979
98095
78924
23863
11062
14585
59032
65746
37228
96930
91199
23174
74662
84769
95632
98388
19101
74624
41636
50603
73759
62222
36385
94441
66544
29419
37882
76573
41137
72153
40280
89800
20352
97382
48401
95481
34830
52340
72473
23027
84626
55465
90755
36665
28837
88173
48651
29605
61275
21002
40255
34659
30246
70325
83974
61241
11883
12479
17092
39998
71318
49438
34597
64278
80596
91844
74971
25101
22587
31853
23921
61611
23577
62744
85808
79657
62155
15585
99894
41130
19404
25031
68371
46354
68726
84826
76273
64743
51903
36136
40047
95606
53944
94698
25217
86650
92979
10190
86815
96308
40065
92522
70854
80130
80869
63911
78393
37699
54669
88420
97511
93370
87004
88067
91248
26912
62212
35359
43743
23402
52733
38801
69148
23150
11522
87909
74157
87552
97642
58377
36872
28786
10838
51754
49366
62108
46490
92381
14655
94136
52958
35680
99274
95898
80049
78216
34169
37503
91663
44335
18185
81878
43387
90977
72660
39634
47748
79572
61317
99452
59165
28988
10186
97072
23437
25136
70817
81489
16210
79565
16125
18390
22543
90995
88960
34710
20426
30472
81984
71958
70163
33936
96019
15737
47900
45203
73885
41883
19816
23620
93874
37065
13841
20247
23142
31341
83096
26139
32514
88888
83754
66106
38199
57295
46102
79413
13550
67201
11907
70044
33542
11273
85143
90698
66336
52763
21923
12300
64921
49612
42092
81081
85411
88743
67110
66344
13510
10766
59257
39333
41611
89131
79910
79833
70201
45298
93528
67472
28083
99427
57426
70197
41146
32235
83437
19107
62376
37000
38143
97780
54008
62441
95123
71651
43911
77678
40843
81957
97799
34839
79794
41598
75305
47771
38976
36023
35570
48804
23497
21745
35898
68244
49831
70988
19797
50561
58577
94592
57724
54847
72690
47137
23898
87598
13646
53861
83822
21224
16557
28394
15982
20661
98506
16242
32971
33113
87344
14803
34931
38451
67646
80436
81838
95361
65978
76587
70892
23734
89248
17066
52504
98114
30619
91557
88382
95976
72241
58496
93790
30945
54482
96412
10313
32604
31806
18912
32018
38922
82021
90291
62722
37494
33523
23069
84349
26251
42012
77929
39926
98975
33771
22832
75620
35406
70752
88399
51534
85961
14123
85125
34896
82440
99451
44034
11876
47516
75926
35222
99941
34909
24255
11814
98257
95143
50403
71325
82711
11959
88390
52422
39874
72503
13223
53459
51579
31830
51189
10980
94234
34098
83669
22936
26105
51805
35479
10006
82269
77241
86928
18518
86000
41196
81975
24972
45484
20171
59569
85735
30874
15369
25998
37079