56129
95015
31093
16487
66749
81197
75702
92381
23460
12036
27331
28168
20638
44012
48396
32705
49126
28694
15026
40798
91319
66300
92178
65101
60179
71858
59687
81598
83818
11382
16557
99638
96712
53944
53944
40607
17765
16487
24957
54482
77417
81197
27795
31093
62892
78393
54482
64971
93419
23460
71454
30929
86123
74997
26162
98705
16487
63048
92381
96622
89320
11239
10418
98705
65035
72508
97524
90579
80725
31093
78393
90907
17968
68154
10418
98705
82700
71276
36867
78684
21873
31388
46378
31093
40798
21873
68652
69512
21873
11473
92284
63538
10418
40798
82468
27531
90621
89404
83526
93951
81047
40798
49126
78393
66779
91790
52357
12692
37749
91094
16557
49126
25994
26162
20670
21873
32705
29820
43167
44521
29495
36746
77417
78921
81591
95296
74437
15403
77593
56398
47022
16557
83096
56880
57030
50324
67603
99063
38370
96622
75583
79005
89612
53944
81598
81598
51482
49701
59184
91670
62411
25421
54482
24607
92381
16352
54482
31093
21873
78513
85839
83096
54482
17822
40798
86836
77124
26808
65391
10020
67136
81598
13483
67494
96622
72612
98705
77417
89612
85993
94417
79338
17235
89612
12440
53944
96622
89612
63765
91806
14141
79885
77593
81007
17490
16557
40798
43959
44341
31512
81173
32705
77593
27808
16557
25994
10418
16557
65101
23460
49126
61472
74413
77417
65101
47384
25736
99027
54696
64743
87351
80828
80342
37749
37749
75483
96622
69037
98552
93066
82443
55692
16557
48939
56805
21873
64049
92381
75353
23460
54621
67106
92381
23460
43430
92381
32705
70467
76721
98667
42768
37749
50601
65101
89612
69420
40976
42919
68948
61884
81598
37143
37749
24957
49170
34663
86221
38813
52851
47386
22415
20839
21873
94258
95081
83096
95877
85802
49126
21873
99427
31093
79445
92381
23460
22401
51524
34459
26647
84513
78393
19783
16165
53944
44351
55762
32778
17977
57740
25994
77593
49126
53944
40138
10418
22620
10294
40798
22002
19900
92381
31683
51880
23477
21970
77420
68195
92381
44095
62400
27531
64743
40798
83184
50029
84284
61925
11177
32705
27531
81197
80348
93023
81197
27531
23126
64743
54482
53944
85056
53944
54482
74202
64490
27531
83532
16487
75491
78725
64498
67308
77593
98705
66710
89511
59338
16557
33219
12246
37749
44272
16688
10380
81598
24957
37223
37749
49126
81197
84087
32627
32718
54268
65101
31388
31888
98705
77417
19900
37749
31148
22219
77593
93953
32812
65101
64743
27531
54482
78231
21873
89612
37749
93247
61349
10118
21873
93949
61981
24957
54482
21202
65101
49126
42246
45889
93419
40798
54192
53390
77417
49126
11626
31093
31093
31093
13269
66094
85292
31847
81395
89001
89612
27854
58099
87368
77417
95517
29383
12762
21873
61228
84361
92381
85675
40798
66504
10418
41647
41567
29289
24957
89612
43026
26525
53944
31362
45398
25976
25454
52645
50800
89612
12762
19900
67008
90719
81598
64743
31575
81598
92381
31093
16557
24788
60858
24957
16557
80320
30266
23460
97669
32914
50551
16557
30651
37882
21873
80234
16557
50601
58965
75318
83096
34874
84294
84499
32953
81598
99914
65101
30462
93419
91866
26186
78393
70926
77417
53944
12892
46304
90035
50601
70751
51245
31691
32705
48623
54121
74893
16557
19816
24056
75970
12762
81598
48671
77493
58274
68984
83096
18265
19900
24957
50389
66889
40549
38677
13569
24957
32705
42027
11799
15747
88157
76645
78317
98689
81598
50089
53944
47345
89135
67545
76986
12762
25522
89612
29070
37882
52063
45479
76582
44438
27531
77417
17823
12762
10418
81197
26701
92787
53461
63332
89592
40417
10360
93419
27309
24957
49126
59362
21873
67792
16735
35704
42478
31093
96803
64743
31093
92381
57981
92381
83096
77593
83096
11566
31861
23188
23827
31786
93419
50601
77593
50601
42776
77417
31093
80409
50601
10376
81598
42821
29344
23569
77972
26603
77417
66423
13386
52236
86168
53284
29813
84414
40798
43055
16557
67636
81598
53944
37749
54482
83066
49126
59092
88283
10418
21942
53944
26162
38866
83096
94495
74883
67919
77417
12031
69547
54548
97629
45543
18396
54898
10707
49126
64743
40798
64743
20886
45581
67963
54482
45819
76035
93759
26162
13849
58801
16487
40798
55825
59420
49148
86221
77104
92381
50601
21873
50601
84499
10418
16487
12847
26162
80428
96622
49517
21873
92381
93419
71530
69572
21873
65807
16557
23751
90769
66439
21993
25710
63275
37749
70928
92381
24957
65101
89612
23460
69671
95318
41574
12762
99596
89007
91261
40064
43961
81197
78393
60647
54482
77449
16557
40798
96327
40435
72898
31859
42844
31093
40798
23460
13421
89035
87767
81990
60818
83096
19340
54482
24110
63081
97762
81598
95778
64743
15704
75439
49126
32705
24323
64743
27636
37749
89612
40798
28044
37656
81598
21873
64743
63703
48934
19518
94748
80662
26162
24957
73375
43422
72900
23835
16557
19816
84879
88447
68082
64667
23460
58285
33239
90430
84502
16487
25342
40798
63310
65348
83283
95669
20364
37749
64544
27531
77681
89095
89612
45856
64743
53944
38721
47276
54494
27531
89612
19816
10418
88915
45336
61535
89612
46077
71765
71450
28021
37250
24957
16557
49126
98705
63745
23460
85051
76577
38328
15170
62194
29744
26540
24957
57072
23460
83821
40798
35914
79820
89612
16487
74195
10972
43597
40798
39040
83096
73486
83096
44711
26162
77870
39025
52047
80128
65101
41525
39047
98705
14030
89612
29967
49358
83096
24957
92381
88406
65543
88608
40798
40240
68392
46860
17664
78321
49374
16006
39006
21216
78381
50448
56014
54482
77193
54482
64145
86756
55135
14131
23460
76125
89612
81598
31388
50601
31668
87493
32745
43896
92381
35634
42840
91366
35609
67658
31857
75667
47173
17170
27531
53944
22536
20123
90413
26162
85750
27189
92064
57813
38134
50508
10418
75651
77897
50494
41135
21873
68603
50899
66005
33777
84492
65384
31093
21152
60171
21106
81197
12302
32705
21470
64743
98705
92381
81638
82734
32705
81197
97049
82816
96615
86221
47499
83096
70473
98705
89612
27531
14573
21065
83096
77759
52525
53944
92381
18104
26162
56786
65101
54482
98705
83096
21873
31093
44054
16487
89612
21612
83096
53944
29230
54482
85940
81598
67725
62613
27338
13514
20372
96622
49126
35302
81598
61032
64579
85007
81197
83096
19816
12762
25803
64197
10418
91706
53178
19816
35587
14008
52468
79528
53944